52 93 99 23 53 93 60 1 50 62 63 27 14 72 56 78 72 27 9 10 20 28 68 64 21 88 40 4 84 12
26 63 23 32 93 41 37 88 86 22 40 14 86 51 78 28 46 75 77 35 13 5 75 22 33 50 43 87 19 67
48 12 16 6 78 87 22 38 91 73 10 60 45 71 27 86 91 51 30 54 99 98 36 94 99 11 75 51 60 73
14 95 51 17 94 98 15 33 44 98 84 90 76 68 62 68 46 39 34 65 64 81 29 51 36 29 38 58 53 48
40 64 81 64 85 92 25 70 71 1 45 52 85 79 9 94 92 53 36 29 64 18 66 12 30 3 5 79 13 21
70 41 67 49 3 62 17 83 56 36 54 13 72 86 40 90 7 80 70 43 43 46 73 52 17 29 4 32 51 4
82 69 38 81 42 51 39 5 81 54 55 77 90 42 26 7 79 74 9 61 87 26 74 58 14 73 98 41 43 3
35 46 4 89 53 70 65 77 42 88 99 85 95 48 55 17 46 28 82 94 68 75 81 25 46 66 1 56 43 51
45 42 98 7 38 66 4 85 23 19 24 41 87 22 50 44 93 87 73 8 54 41 1 47 24 86 26 95 78 92
24 64 42 42 79 13 37 61 50 95 60 11 30 15 19 24 43 49 26 25 90 21 53 17 80 86 2 24 69 23
70 70 12 96 28 91 44 40 21 34 92 92 33 48 25 88 11 49 45 18 38 67 4 87 42 5 37 6 9 38
57 86 45 22 22 1 59 48 33 36 66 73 15 83 4 74 9 59 86 35 84 36 98 22 63 16 1 67 24 94
15 66 32 85 47 47 83 70 46 60 20 83 75 73 92 15 52 74 51 53 68 92 98 43 63 66 9 73 1 95
18 77 78 16 60 28 63 37 4 82 73 56 2 98 95 27 5 25 53 18 44 63 68 6 65 96 50 65 69 32
16 67 91 82 50 74 53 26 39 22 36 4 80 45 95 59 82 58 39 32 72 7 68 2 27 92 28 4 88 52
56 53 26 52 15 60 99 42 31 61 74 9 98 15 8 8 29 96 28 81 15 33 4 64 5 71 8 71 17 8
80 64 95 21 63 2 32 70 61 44 83 68 13 83 30 98 83 14 62 44 22 81 82 6 84 88 64 25 1 64
53 47 77 36 87 61 57 27 5 84 68 24 80 71 15 83 32 52 46 21 55 80 74 23 54 39 12 13 29 96
45 42 33 32 91 91 65 13 24 60 67 89 85 9 50 35 14 7 27 92 78 56 72 84 42 32 65 61 31 67
41 13 89 63 17 20 2 75 10 39 53 12 67 26 7 99 65 78 84 74 13 58 24 43 27 29 15 20 56 42
49 41 19 77 88 96 99 86 83 37 32 3 73 76 58 13 43 10 95 23 33 7 61 60 24 76 9 63 64 8
72 90 23 18 26 94 45 80 42 97 27 94 6 19 98 9 80 44 40 39 90 44 90 22 77 8 28 27 57 1
3 73 76 17 38 76 51 83 6 7 23 38 42 59 86 44 21 36 92 40 67 29 44 16 2 51 71 93 65 95
5 25 49 88 67 64 94 16 54 61 94 95 80 73 65 4 47 14 57 57 86 16 10 28 55 51 21 87 70 31
70 63 94 14 97 96 18 52 37 92 44 26 30 68 62 44 56 37 46 11 48 44 23 81 48 98 14 93 77 1
60 18 45 5 33 56 4 68 41 62 23 64 31 83 55 9 63 5 47 31 85 47 25 79 11 52 73 57 92 71
20 13 52 30 10 83 11 79 23 54 98 36 65 12 22 38 65 68 12 34 90 30 61 39 93 69 12 58 20 47
39 18 25 10 11 49 99 23 86 91 4 39 53 14 95 44 29 48 80 61 11 59 42 13 59 77 12 70 23 76
23 96 78 85 13 12 91 96 6 85 25 1 17 41 86 9 32 44 33 24 61 40 69 52 91 46 19 72 48 17
73 60 35 65 26 59 22 82 88 78 2 84 8 1 74 30 2 56 83 80 40 73 20 10 53 62 91 1 15 98
99 84 35 7 94 7 90 3 91 4 25 60 76 85 95 39 64 28 28 5 63 67 40 33 93 8 51 86 85 15
2 73 62 68 48 94 20 89 17 46 51 3 14 49 51 17 11 41 99 74 46 70 90 51 33 22 66 99 20 65
78 19 99 47 76 40 77 79 54 93 78 60 92 42 14 32 98 45 57 52 56 47 76 85 75 60 89 84 73 1
39 73 66 51 93 14 63 73 26 67 12 78 81 80 33 79 82 47 2 36 66 28 14 50 5 51 15 67 6 29
37 18 20 88 8 72 90 56 87 30 56 13 37 1 25 21 86 13 77 64 82 5 98 81 40 26 28 44 74 68
44 6 66 32 93 10 42 88 55 90 76 87 49 1 64 52 32 29 12 49 51 14 21 82 6 74 81 73 29 93
52 93 72 24 60 29 58 2 36 38 40 42 48 83 96 24 11 19 41 57 68 62 44 26 29 69 10 26 54 52
44 11 38 46 3 40 8 81 99 64 13 94 63 67 30 70 31 3 91 35 18 77 85 43 54 61 44 99 74 91
37 96 29 37 23 64 85 43 23 5 33 11 3 92 86 16 58 20 6 67 78 65 13 3 53 94 93 6 56 37
48 49 69 23 56 68 67 26 86 45 85 63 17 42 58 20 5 29 36 40 82 65 79 13 30 65 38 34 51 40
29 44 57 88 35 20 7 70 80 74 67 48 7 68 57 82 68 31 57 62 94 67 43 53 53 53 83 64 86 66
68 39 23 70 23 96 64 6 35 20 26 65 91 51 90 77 57 77 33 16 75 25 65 47 58 19 9 31 78 61
17 29 54 16 33 14 91 60 39 55 16 83 16 71 78 9 28 80 58 60 91 73 17 99 3 69 64 18 76 56
89 97 57 4 38 53 28 2 88 46 71 2 51 73 44 91 77 60 50 4 26 10 20 87 1 8 11 56 9 23
42 76 7 30 70 55 17 10 78 48 75 68 86 59 82 3 53 13 92 12 72 4 28 25 44 74 28 30 80 87
16 97 81 31 16 68 90 30 52 40 84 53 17 98 95 52 40 67 4 88 17 1 98 90 63 9 69 99 23 23
26 32 21 28 88 93 70 15 26 49 52 61 43 61 99 64 80 43 1 77 4 94 32 87 64 82 56 94 46 10
13 13 82 23 30 14 55 11 58 35 87 66 90 45 38 76 21 2 3 11 99 90 24 14 87 83 97 70 6 45
53 10 1 13 53 4 97 66 61 85 22 6 80 11 92 30 38 41 4 82 20 87 55 27 90 88 69 40 97 64
24 37 23 19 80 30 82 96 65 46 52 34 86 60 69 60 86 72 13 11 2 51 60 95 29 60 35 91 27 52
66 28 3 45 77 73 97 31 24 63 86 80 32 90 53 20 7 42 84 60 89 11 96 34 74 40 14 29 35 92
43 36 31 93 82 59 14 37 37 40 16 12 89 57 55 76 19 29 57 71 72 55 21 26 48 5 64 23 90 10
56 62 90 26 63 56 23 68 75 20 44 68 3 2 28 59 64 63 70 85 80 95 82 76 91 71 25 9 95 16
8 85 13 44 94 71 48 83 64 89 94 58 64 91 22 12 55 72 76 23 10 69 4 28 27 72 31 57 51 23
95 68 10 67 93 94 26 58 24 20 67 80 52 2 23 82 8 37 72 3 16 97 26 64 92 93 64 48 4 26
75 83 9 70 66 83 97 16 77 96 85 69 68 41 56 58 12 57 14 85 11 27 63 35 83 45 94 26 11 30
79 6 97 47 72 85 97 22 73 80 47 26 46 6 61 60 43 15 36 60 4 96 17 33 93 77 69 41 71 18
8 94 51 30 66 75 72 94 73 10 72 28 13 76 92 41 91 3 10 76 25 91 71 44 18 5 86 31 24 6
31 62 73 74 39 66 15 48 76 23 23 23 54 55 98 89 68 46 66 15 1 30 59 42 74 2 17 48 77 55
93 10 70 8 43 86 36 9 39 92 65 40 98 71 29 68 27 52 94 10 48 62 14 2 53 66 89 83 90 37
8 55 15 91 30 58 35 94 27 86 47 79 64 96 20 81 74 47 99 23 51 76 48 61 80 84 87 41 36 80
49 60 62 61 17 74 63 64 24 67 20 2 33 26 32 75 81 23 78 26 34 38 34 47 57 98 85 36 65 11
80 4 22 80 13 83 94 56 27 48 9 28 33 44 74 48 96 96 20 27 68 32 18 89 27 50 89 14 73 63
11 78 78 56 90 6 21 23 16 97 93 98 20 20 2 99 69 54 74 33 5 87 32 80 24 56 87 88 36 61
38 33 85 72 87 6 10 36 65 8 77 81 81 49 28 56 27 24 18 69 51 70 23 54 83 6 78 24 67 90
2 78 27 53 44 27 88 53 57 89 60 21 32 38 5 76 35 25 80 58 13 15 18 38 89 2 85 8 34 99
11 40 1 73 26 91 43 14 32 71 20 72 68 49 62 83 13 12 83 99 80 37 4 63 88 68 77 57 60 9
17 57 79 74 67 92 44 54 51 90 81 54 57 40 33 11 12 25 16 77 72 28 9 73 27 94 3 1 44 23
84 63 70 74 57 52 43 39 71 70 36 51 75 97 63 53 62 86 51 25 46 88 14 10 34 64 26 49 26 21
18 44 41 24 95 53 54 76 6 46 25 96 94 63 75 74 60 99 85 12 12 22 6 79 24 91 16 64 43 91
2 5 56 23 54 55 65 33 79 65 61 59 82 3 51 9 97 76 29 34 62 14 16 1 50 9 98 78 38 77
15 7 27 62 69 91 80 35 31 79 7 34 10 74 76 70 22 52 43 23 71 87 19 88 8 39 55 48 32 54
83 90 22 91 37 10 80 1 39 28 13 15 12 1 28 24 4 53 50 25 41 72 86 23 21 85 70 24 70 11
37 8 11 99 54 67 74 57 61 54 35 81 72 14 16 7 37 62 25 13 26 4 67 13 78 40 44 57 28 23
94 49 66 51 31 81 41 11 53 61 34 23 9 51 44 11 18 37 92 50 79 91 92 32 27 92 55 10 53 43
75 88 23 68 52 32 45 93 64 79 75 32 47 89 72 40 62 97 96 48 34 76 90 29 14 12 21 9 56 93
12 1 56 43 31 31 89 65 94 91 55 10 91 78 98 71 54 59 46 81 19 60 74 11 66 29 37 98 68 34
98 89 5 35 47 47 61 2 92 36 98 69 90 23 45 33 78 19 76 43 42 86 22 94 67 31 99 95 55 56
88 98 58 6 75 30 19 2 66 24 95 81 5 5 45 38 75 90 44 94 60 17 49 50 70 23 49 77 36 76
38 5 39 58 10 13 1 33 63 29 10 61 7 12 44 92 79 22 2 23 64 64 55 18 75 72 41 60 8 70
54 19 97 91 31 9 44 17 75 86 90 18 47 86 98 26 40 19 6 65 93 41 58 15 46 1 39 27 70 67
22 45 53 17 22 51 10 14 77 94 31 45 2 15 70 98 82 13 84 90 18 27 12 26 75 54 30 11 52 18
7 23 62 35 30 89 61 4 10 15 77 83 7 45 25 34 75 92 71 10 75 66 60 98 60 29 54 83 81 99
3 21 73 12 66 2 7 28 5 11 71 37 9 43 38 33 46 81 6 21 28 40 81 86 24 33 40 48 9 16
9 66 25 16 93 90 26 98 70 20 74 79 95 53 92 8 33 35 78 24 5 18 94 67 93 10 54 81 84 19
47 61 39 6 59 46 23 85 1 53 98 89 33 67 35 44 23 28 38 53 89 76 66 26 35 71 72 61 48 25
15 50 92 12 3 68 60 18 38 52 28 74 73 16 53 17 99 22 71 37 54 32 14 45 7 83 92 63 66 25
93 28 88 69 51 21 94 79 54 40 76 22 38 26 15 32 3 71 66 33 96 7 39 54 22 61 69 24 15 52
92 27 5 38 17 2 59 89 18 83 73 59 71 53 6 69 56 84 29 36 98 37 36 58 21 73 30 57 46 29
37 8 35 92 73 46 82 1 33 83 3 90 1 47 99 44 47 87 14 63 99 96 3 53 40 26 56 40 32 37
60 27 53 15 64 96 66 62 27 46 94 72 99 16 96 27 81 37 10 40 59 63 76 70 36 14 30 11 85 72
67 15 54 3 97 70 20 18 48 30 53 79 90 30 38 59 74 28 68 17 94 63 12 60 50 9 97 34 98 35
26 22 88 91 87 36 31 38 39 45 72 75 99 40 68 75 45 95 5 2 75 25 25 48 4 11 64 27 50 2
66 88 87 48 91 33 65 37 39 15 30 67 21 19 27 10 72 47 34 58 75 67 79 72 86 91 16 83 28 2
78 64 61 28 54 31 55 11 10 68 21 21 45 22 31 37 37 99 53 48 62 73 97 18 32 45 87 28 91 60
45 8 34 27 55 13 27 5 45 87 74 92 90 50 33 64 60 42 40 41 93 59 31 54 53 71 60 80 82 79
31 46 93 78 15 35 6 20 55 29 81 27 75 28 86 37 14 98 62 26 68 96 87 98 42 86 73 61 16 73
81 41 99 3 35 19 35 51 68 32 30 40 12 26 94 53 38 85 88 71 56 27 9 52 32 17 35 45 21 59
27 71 32 74 96 27 67 21 41 13 67 27 62 70 8 59 8 13 44 38 16 72 56 25 5 36 75 55 81 38
14 11 75 48 24 56 7 8 82 49 90 53 43 34 9 6 20 88 67 16 92 21 84 80 65 45 95 14 99 71
